@GCF_LCM_Factoring_ASequence
1150
0691
2020
3040
2710
4240
0310
1280
2810
2611
4350
2750
5381
5391
5401
5040
1702
4681
2772
4510
1452
0932
1891
3242
1212
1342
2212
2302
3232
2490
1990
2640
3460
1630
1660
1360
1430
1460
2230
3090
0780
3470
1740
2390
1270
2191
2901
1001
1401
1751
0590
2180
1530
0521
3361
1620
3180
@Real_Numbers
3392
3402
3410
1520
1500
1010
3050
3020
3290
1020
1040
0550
2790
2000
0500
0812
0820
0760
0750
2852
5330
4860
4900
4940
3750
3760
3810
3560
1310
1770
1570
0270
2230
3662
3672
3682
0860
2030
1290
1560
2830
1030
1260
2060
0850
0800
0380
0610
0770
0890
3250
2782
3000
2542
2370
2520
0622
0510
1760
9993
1862
2010
2110
4020
3342
2842
2562
2340
0442
0670
1070
1300
2442
1510
1610
0260
1170
0300
1110
2250
2150
3270
2882
0572
1692
1132
1352
0572
2132
5462
5482
4820
4430
3770
3830
3222
3012
3500
3602
@Even_Odd
5342
5350
5492
5000
5072
5142
4260
0320
3820
4030
0412
0732
1550
1812
1542
2802
@Remainders
3882
3972
3622
3732
4932
3480
0840
2890
5472
5170
4290
4270
4720
4562
4830
3850
1580
2102
2680
4202
1872
0952
1442
4320
4330
4340
4420
0430
0492
3130
1160
2862
0920
1680
0250
1920
2140
@Rate_Time_Distance
3530
1180
2090
4142
3030
5270
5370
5160
4840
4970
4301
4301
1472
4181
2420
2602
4040
2381
@Logic
3551
3940
3790
4661
4871
4851
0660
0461
2220
4191
3351
2450
@Probability
0481
3431
3190
4170
1970
0741
1382
2690
5411
5152
4951
4962
4610
4363
4450
3950
3593
3081
2992
1241
1711
2462
@Special_Symbols
3910
4110
0350
3260
0530
2080
3100
2290
2942
0682
1800
0881
0701
@Starting_End
5232
4671
4410
4490
3861
4921
3492
2510
4211
2070
@Combinatorics
3640
2720
4231
4131
2950
2481
1600
5440
5130
5201
4761
4781
4791
4801
4912
465
@Geometry
0830
4221
3280
0420
1911
1930
1050
4050
2821
0790
3110
2980
2620
2240
0540
2161
0830
1841
2172
2121
3142
2732
3371
2671
1141
0371
1391
1231
4151
1960
2551
0342
3442
1982
0472
0712
3231
1791
2582
5311
4250
3931
4121
0871
3062
3160
3201
0560
1220
1421
1192
2701
3451
3211
0452
1941
1732
1410
1900
1640
5422
5452
4373
4463
3963
3693
3573
4400
5430
4891
3981
3870
3890
4441
5290
5301
0111
3701
3921
4060
4070
4080
1591
2911
4101
4881
4991
4982
2961
4391
3990
3540
3631
3722
4471
3801
3741
3301
@Percent
4310
4481
3780
3840
5320
5360`
4811
4382
0401
1331
1671
1851
1951
2932
0362
3152
4162
0652
2661
3331
0390
0721
0941
0961
3170
3120
2870
1080
2920
1780
2590
3381
2200
1200
2500
1320
4090
2630
@blank